%YAML:1.0
---
point_x: [-40.0, 160.0, 120.0, 60.0, 40.0, 100.0]
point_y: [0.0, 80.0, 160.0, 150.0, 60.0, -40.0]
